Predicted    0    1    2   3  4   5   6   7   8
Actual                                         
0          142    7    1   0  0   1   0   0   2
1            9  235    0   0  0   0   0   0   3
2            0    0  293   0  0   0   0   0   0
3            0    1    5  34  0   5   0   0   1
4            0    0    1   0  0   0   0   0   2
5           28    0   20   0  0  22   0   0   4
6            0    1    0   0  0   0  37   0   1
7           27    5    2   0  0   2   0  78   7
8            0   17    0   0  0   7   1   1  74